# t(seg)	 CIC (A)	 Reactivity($)
-9.94	1.0	0.0
-9.879999999999999	1.0	0.0
-9.819999999999999	1.0	0.0
-9.759999999999998	1.0	0.0
-9.699999999999998	1.0	0.0
-9.639999999999997	1.0	0.0
-9.579999999999997	1.0	0.0
-9.519999999999996	1.0	0.0
-9.459999999999996	1.0	0.0
-9.399999999999995	1.0	0.0
-9.339999999999995	1.0	0.0
-9.279999999999994	1.0	0.0
-9.219999999999994	1.0	0.0
-9.159999999999993	1.0	0.0
-9.099999999999993	1.0	0.0
-9.039999999999992	1.0	0.0
-8.979999999999992	1.0	0.0
-8.919999999999991	1.0	0.0
-8.85999999999999	1.0	0.0
-8.79999999999999	1.0	0.0
-8.73999999999999	1.0	0.0
-8.679999999999989	1.0	0.0
-8.619999999999989	1.0	0.0
-8.559999999999988	1.0	0.0
-8.499999999999988	1.0	0.0
-8.439999999999987	1.0	0.0
-8.379999999999987	1.0	0.0
-8.319999999999986	1.0	0.0
-8.259999999999986	1.0	0.0
-8.199999999999985	1.0	0.0
-8.139999999999985	1.0	0.0
-8.079999999999984	1.0	0.0
-8.019999999999984	1.0	0.0
-7.959999999999984	1.0	0.0
-7.899999999999984	1.0	0.0
-7.839999999999985	1.0	0.0
-7.779999999999985	1.0	0.0
-7.7199999999999855	1.0	0.0
-7.659999999999986	1.0	0.0
-7.599999999999986	1.0	0.0
-7.539999999999987	1.0	0.0
-7.479999999999987	1.0	0.0
-7.4199999999999875	1.0	0.0
-7.359999999999988	1.0	0.0
-7.299999999999988	1.0	0.0
-7.239999999999989	1.0	0.0
-7.179999999999989	1.0	0.0
-7.1199999999999894	1.0	0.0
-7.05999999999999	1.0	0.0
-6.99999999999999	1.0	0.0
-6.939999999999991	1.0	0.0
-6.879999999999991	1.0	0.0
-6.819999999999991	1.0	0.0
-6.759999999999992	1.0	0.0
-6.699999999999992	1.0	0.0
-6.639999999999993	1.0	0.0
-6.579999999999993	1.0	0.0
-6.519999999999993	1.0	0.0
-6.459999999999994	1.0	0.0
-6.399999999999994	1.0	0.0
-6.3399999999999945	1.0	0.0
-6.279999999999995	1.0	0.0
-6.219999999999995	1.0	0.0
-6.159999999999996	1.0	0.0
-6.099999999999996	1.0	0.0
-6.0399999999999965	1.0	0.0
-5.979999999999997	1.0	0.0
-5.919999999999997	1.0	0.0
-5.859999999999998	1.0	0.0
-5.799999999999998	1.0	0.0
-5.739999999999998	1.0	0.0
-5.679999999999999	1.0	0.0
-5.619999999999999	1.0	0.0
-5.56	1.0	0.0
-5.5	1.0	0.0
-5.44	1.0	0.0
-5.380000000000001	1.0	0.0
-5.320000000000001	1.0	0.0
-5.260000000000002	1.0	0.0
-5.200000000000002	1.0	0.0
-5.140000000000002	1.0	0.0
-5.080000000000003	1.0	0.0
-5.020000000000003	1.0	0.0
-4.9600000000000035	1.0	0.0
-4.900000000000004	1.0	0.0
-4.840000000000004	1.0	0.0
-4.780000000000005	1.0	0.0
-4.720000000000005	1.0	0.0
-4.6600000000000055	1.0	0.0
-4.600000000000006	1.0	0.0
-4.540000000000006	1.0	0.0
-4.480000000000007	1.0	0.0
-4.420000000000007	1.0	0.0
-4.360000000000007	1.0	0.0
-4.300000000000008	1.0	0.0
-4.240000000000008	1.0	0.0
-4.180000000000009	1.0	0.0
-4.120000000000009	1.0	0.0
-4.060000000000009	1.0	0.0
-4.00000000000001	1.0	0.0
-3.9400000000000097	1.0	0.0
-3.8800000000000097	1.0	0.0
-3.8200000000000096	1.0	0.0
-3.7600000000000096	1.0	0.0
-3.7000000000000095	1.0	0.0
-3.6400000000000095	1.0	0.0
-3.5800000000000094	1.0	0.0
-3.5200000000000093	1.0	0.0
-3.4600000000000093	1.0	0.0
-3.4000000000000092	1.0	0.0
-3.340000000000009	1.0	0.0
-3.280000000000009	1.0	0.0
-3.220000000000009	1.0	0.0
-3.160000000000009	1.0	0.0
-3.100000000000009	1.0	0.0
-3.040000000000009	1.0	0.0
-2.980000000000009	1.0	0.0
-2.920000000000009	1.0	0.0
-2.8600000000000088	1.0	0.0
-2.8000000000000087	1.0	0.0
-2.7400000000000087	1.0	0.0
-2.6800000000000086	1.0	0.0
-2.6200000000000085	1.0	0.0
-2.5600000000000085	1.0	0.0
-2.5000000000000084	1.0	0.0
-2.4400000000000084	1.0	0.0
-2.3800000000000083	1.0	0.0
-2.3200000000000083	1.0	0.0
-2.2600000000000082	1.0	0.0
-2.200000000000008	1.0	0.0
-2.140000000000008	1.0	0.0
-2.080000000000008	1.0	0.0
-2.020000000000008	1.0	0.0
-1.960000000000008	1.0	0.0
-1.900000000000008	1.0	0.0
-1.8400000000000079	1.0	0.0
-1.7800000000000078	1.0	0.0
-1.7200000000000077	1.0	0.0
-1.6600000000000077	1.0	0.0
-1.6000000000000076	1.0	0.0
-1.5400000000000076	1.0	0.0
-1.4800000000000075	1.0	0.0
-1.4200000000000075	1.0	0.0
-1.3600000000000074	1.0	0.0
-1.3000000000000074	1.0	0.0
-1.2400000000000073	1.0	0.0
-1.1800000000000073	1.0	0.0
-1.1200000000000072	1.0	0.0
-1.0600000000000072	1.0	0.0
-1.000000000000007	1.0	0.0
-0.940000000000007	1.0	0.0
-0.880000000000007	1.0	0.0
-0.820000000000007	1.0	0.0
-0.7600000000000069	1.0	0.0
-0.7000000000000068	1.0	0.0
-0.6400000000000068	1.0	0.0
-0.5800000000000067	1.0	0.0
-0.5200000000000067	1.0	0.0
-0.4600000000000067	1.0	0.0
-0.4000000000000067	1.0	0.0
-0.3400000000000067	1.0	0.0
-0.2800000000000067	1.0	0.0
-0.2200000000000067	1.0	0.0
-0.1600000000000067	1.0	0.0
-0.1000000000000067	1.0	0.0
-0.0400000000000067	1.0	0.0
0.0199999999999933	1.0094287337741288	0.0
0.0799999999999933	1.0102658064265115	0.0
0.1399999999999933	1.0104927022976682	0.0
0.1999999999999933	1.0107083741080427	0.0
0.2599999999999933	1.010914298273054	0.0
0.3199999999999933	1.0111116302756182	0.0
0.3799999999999933	1.0113013605307042	0.0
0.4399999999999933	1.01148433963032	0.0
0.4999999999999933	1.0116612996055736	0.0
0.5599999999999933	1.011832871859385	0.0
0.6199999999999932	1.011999602297104	0.0
0.6799999999999933	1.0121619640984463	0.0
0.7399999999999933	1.012320368503644	0.0
0.7999999999999934	1.012475173927443	0.0
0.8599999999999934	1.0126266936647437	0.0
0.9199999999999935	1.012775202409791	0.0
0.9799999999999935	1.0129209417755907	0.0
1.0399999999999936	1.013064124970615	0.0
1.0999999999999936	1.0132049407649453	0.0
1.1599999999999937	1.0133435568570794	0.0
1.2199999999999938	1.013480122734997	0.0
1.2799999999999938	1.0136147721102882	0.0
1.3399999999999939	1.0137476249916795	0.0
1.399999999999994	1.0138787894538297	0.0
1.459999999999994	1.0140083631484442	0.0
1.519999999999994	1.0141364345973567	0.0
1.579999999999994	1.0142630843009817	0.0
1.6399999999999941	1.0143883856903027	0.0
1.6999999999999942	1.0145124059461403	0.0
1.7599999999999942	1.0146352067057318	0.0
1.8199999999999943	1.0147568446735322	0.0
1.8799999999999943	1.0148773721505013	0.0
1.9399999999999944	1.0149968374939395	0.0
1.9999999999999944	1.01511528551806	0.0
2.0599999999999943	1.0152327578439135	0.0
2.1199999999999943	1.0153492932059587	0.0
2.1799999999999944	1.0154649277214576	0.0
2.2399999999999944	1.0155796951279277	0.0
2.2999999999999945	1.0156936269930954	0.0
2.3599999999999945	1.0158067529011214	0.0
2.4199999999999946	1.0159191006183026	0.0
2.4799999999999947	1.0160306962409902	0.0
2.5399999999999947	1.016141564328036	0.0
2.5999999999999948	1.016251728019768	0.0
2.659999999999995	1.0163612091451817	0.0
2.719999999999995	1.0164700283188082	0.0
2.779999999999995	1.016578205028504	0.0
2.839999999999995	1.0166857577152328	0.0
2.899999999999995	1.016792703845767	0.0
2.959999999999995	1.016899059979102	0.0
3.019999999999995	1.0170048418272777	0.0
3.079999999999995	1.0171100643111974	0.0
3.1399999999999952	1.0172147416119763	0.0
3.1999999999999953	1.0173188872182637	0.0
3.2599999999999953	1.0174225139699382	0.0
3.3199999999999954	1.0175256340985268	0.0
3.3799999999999955	1.017628259264653	0.0
3.4399999999999955	1.0177304005927807	0.0
3.4999999999999956	1.017832068703499	0.0
3.5599999999999956	1.0179332737435547	0.0
3.6199999999999957	1.0180340254138271	0.0
3.6799999999999957	1.0181343329954093	0.0
3.7399999999999958	1.018234205373951	0.0
3.799999999999996	1.0183336510623966	0.0
3.859999999999996	1.0184326782222466	0.0
3.919999999999996	1.0185312946834448	0.0
3.979999999999996	1.0186295079630006	0.0
4.039999999999996	1.0187273252824343	0.0
4.099999999999995	1.0188247535841293	0.0
4.159999999999995	1.0189217995466668	0.0
4.219999999999994	1.0190184695992162	0.0
4.279999999999994	1.0191147699350416	0.0
4.339999999999994	1.0192107065241873	0.0
4.399999999999993	1.0193062851253936	0.0
4.459999999999993	1.0194015112972947	0.0
4.5199999999999925	1.0194963904089478	0.0
4.579999999999992	1.0195909276497308	0.0
4.639999999999992	1.0196851280386554	0.0
4.699999999999991	1.019778996433126	0.0
4.759999999999991	1.0198725375371862	0.0
4.8199999999999905	1.0199657559092783	0.0
4.87999999999999	1.0200586559695517	0.0
4.93999999999999	1.0201512420067447	0.0
4.999999999999989	1.0202435181846652	0.0
5.059999999999989	1.0203354885482983	0.0
5.119999999999989	1.020427157029561	0.0
5.179999999999988	1.020518527452727	0.0
5.239999999999988	1.0206096035395387	0.0
5.299999999999987	1.0207003889140287	0.0
5.359999999999987	1.0207908871070661	0.0
5.419999999999987	1.0208811015606472	0.0
5.479999999999986	1.0209710356319384	0.0
5.539999999999986	1.0210606925970975	0.0
5.599999999999985	1.0211500756548755	0.0
5.659999999999985	1.0212391879300187	0.0
5.719999999999985	1.0213280324764817	0.0
5.779999999999984	1.0214166122804604	0.0
5.839999999999984	1.0215049302632595	0.0
5.8999999999999835	1.0215929892839968	0.0
5.959999999999983	1.0216807921421664	0.0
6.019999999999983	1.0217683415800554	0.0
6.079999999999982	1.0218556402850316	0.0
6.139999999999982	1.021942690891709	0.0
6.1999999999999815	1.0220294959839913	0.0
6.259999999999981	1.0221160580970117	0.0
6.319999999999981	1.0222023797189659	0.0
6.37999999999998	1.0222884632928462	0.0
6.43999999999998	1.0223743112180887	0.0
6.49999999999998	1.0224599258521296	0.0
6.559999999999979	1.022545309511882	0.0
6.619999999999979	1.0226304644751358	0.0
6.679999999999978	1.022715392981886	0.0
6.739999999999978	1.0228000972355917	0.0
6.799999999999978	1.0228845794043726	0.0
6.859999999999977	1.0229688416221425	0.0
6.919999999999977	1.0230528859896901	0.0
6.9799999999999764	1.023136714575701	0.0
7.039999999999976	1.023220329417734	0.0
7.099999999999976	1.0233037325231449	0.0
7.159999999999975	1.0233869258699704	0.0
7.219999999999975	1.0234699114077652	0.0
7.2799999999999745	1.0235526910584023	0.0
7.339999999999974	1.0236352667168327	0.0
7.399999999999974	1.0237176402518124	0.0
7.459999999999973	1.023799813506594	0.0
7.519999999999973	1.0238817882995865	0.0
7.5799999999999725	1.023963566424987	0.0
7.639999999999972	1.024045149653381	0.0
7.699999999999972	1.0241265397323196	0.0
7.759999999999971	1.0242077383868688	0.0
7.819999999999971	1.0242887473201374	0.0
7.879999999999971	1.0243695682137794	0.0
7.93999999999997	1.0244502027284774	0.0
7.99999999999997	1.024530652504406	0.0
8.05999999999997	1.0246109191616755	0.0
8.11999999999997	1.0246910043007567	0.0
8.179999999999971	1.0247709095028907	0.0
8.239999999999972	1.024850636330482	0.0
8.299999999999972	1.0249301863274747	0.0
8.359999999999973	1.025009561019718	0.0
8.419999999999973	1.0250887619153137	0.0
8.479999999999974	1.025167790504954	0.0
8.539999999999974	1.025246648262246	0.0
8.599999999999975	1.025325336644024	0.0
8.659999999999975	1.0254038570906525	0.0
8.719999999999976	1.0254822110263169	0.0
8.779999999999976	1.0255603998593044	0.0
8.839999999999977	1.0256384249822799	0.0
8.899999999999977	1.0257162877725439	0.0
8.959999999999978	1.0257939895922918	0.0
9.019999999999978	1.0258715317888594	0.0
9.079999999999979	1.025948915694962	0.0
9.13999999999998	1.026026142628926	0.0
9.19999999999998	1.0261032138949153	0.0
9.25999999999998	1.0261801307831484	0.0
9.31999999999998	1.0262568945701114	0.0
9.379999999999981	1.0263335065187646	0.0
9.439999999999982	1.0264099678787426	0.0
9.499999999999982	1.0264862798865493	0.0
9.559999999999983	1.026562443765749	0.0
9.619999999999983	1.0266384607271501	0.0
9.679999999999984	1.0267143319689864	0.0
9.739999999999984	1.0267900586770928	0.0
9.799999999999985	1.026865642025077	0.0
9.859999999999985	1.0269410831744867	0.0
9.919999999999986	1.0270163832749726	0.0
9.979999999999986	1.0270915434644494	0.0
10.039999999999987	1.027166564869251	0.0
10.099999999999987	1.0272414486042833	0.0
10.159999999999988	1.027316195773174	0.0
10.219999999999988	1.0273908074684173	0.0
10.279999999999989	1.027465284771519	0.0
10.33999999999999	1.0275396287531355	0.0
10.39999999999999	1.0276138404732105	0.0
10.45999999999999	1.0276879209811107	0.0
10.51999999999999	1.0277618713157566	0.0
10.579999999999991	1.0278356925057532	0.0
10.639999999999992	1.0279093855695158	0.0
10.699999999999992	1.0279829515153949	0.0
10.759999999999993	1.0280563913417986	0.0
10.819999999999993	1.028129706037313	0.0
10.879999999999994	1.0282028965808188	0.0
10.939999999999994	1.02827596394161	0.0
10.999999999999995	1.0283489090795046	0.0
11.059999999999995	1.0284217329449592	0.0
11.119999999999996	1.0284944364791777	0.0
11.179999999999996	1.0285670206142192	0.0
11.239999999999997	1.0286394862731074	0.0
11.299999999999997	1.028711834369932	0.0
11.359999999999998	1.0287840658099543	0.0
11.419999999999998	1.028856181489708	0.0
11.479999999999999	1.0289281822970986	0.0
11.54	1.029000069111504	0.0
11.6	1.0290718428038697	0.0
11.66	1.0291435042368047	0.0
11.72	1.0292150542646765	0.0
11.780000000000001	1.0292864937337043	0.0
11.840000000000002	1.0293578234820489	0.0
11.900000000000002	1.0294290443399048	0.0
11.960000000000003	1.029500157129587	0.0
12.020000000000003	1.0295711626656217	0.0
12.080000000000004	1.0296420617548305	0.0
12.140000000000004	1.0297128551964163	0.0
12.200000000000005	1.0297835437820484	0.0
12.260000000000005	1.029854128295944	0.0
12.320000000000006	1.0299246095149512	0.0
12.380000000000006	1.0299949882086308	0.0
12.440000000000007	1.0300652651393336	0.0
12.500000000000007	1.0301354410622816	0.0
12.560000000000008	1.030205516725644	0.0
12.620000000000008	1.0302754928706153	0.0
12.680000000000009	1.03034537023149	0.0
12.740000000000009	1.0304151495357385	0.0
12.80000000000001	1.0304848315040793	0.0
12.86000000000001	1.0305544168505545	0.0
12.92000000000001	1.030623906282599	0.0
12.980000000000011	1.0306933005011136	0.0
13.040000000000012	1.030762600200534	0.0
13.100000000000012	1.0308318060689015	0.0
13.160000000000013	1.0309009187879299	0.0
13.220000000000013	1.0309699390330755	0.0
13.280000000000014	1.031038867473601	0.0
13.340000000000014	1.0311077047726442	0.0
13.400000000000015	1.0311764515872817	0.0
13.460000000000015	1.0312451085685939	0.0
13.520000000000016	1.031313676361729	0.0
13.580000000000016	1.0313821556059655	0.0
13.640000000000017	1.0314505469347748	0.0
13.700000000000017	1.0315188509758817	0.0
13.760000000000018	1.0315870683513269	0.0
13.820000000000018	1.0316551996775254	0.0
13.880000000000019	1.0317232455653265	0.0
13.940000000000019	1.0317912066200725	0.0
14.00000000000002	1.0318590834416566	0.0
14.06000000000002	1.03192687662458	0.0
14.12000000000002	1.0319945867580085	0.0
14.180000000000021	1.032062214425829	0.0
14.240000000000022	1.0321297602067037	0.0
14.300000000000022	1.0321972246741258	0.0
14.360000000000023	1.0322646083964735	0.0
14.420000000000023	1.0323319119370629	0.0
14.480000000000024	1.0323991358542004	0.0
14.540000000000024	1.0324662807012361	0.0
14.600000000000025	1.032533347026615	0.0
14.660000000000025	1.032600335373927	0.0
14.720000000000026	1.0326672462819588	0.0
14.780000000000026	1.0327340802847433	0.0
14.840000000000027	1.032800837911608	0.0
14.900000000000027	1.0328675196872246	0.0
14.960000000000027	1.0329341261316578	0.0
15.020000000000028	1.0330006577604112	0.0
15.080000000000028	1.0330671150844757	0.0
15.140000000000029	1.033133498610376	0.0
15.20000000000003	1.0331998088402155	0.0
15.26000000000003	1.033266046271724	0.0
15.32000000000003	1.0333322113983003	0.0
15.380000000000031	1.0333983047090587	0.0
15.440000000000031	1.0334643266888712	0.0
15.500000000000032	1.0335302778184128	0.0
15.560000000000032	1.033596158574203	0.0
15.620000000000033	1.0336619694286497	0.0
15.680000000000033	1.03372771085009	0.0
15.740000000000034	1.0337933833028328	0.0
15.800000000000034	1.0338589872471993	0.0
15.860000000000035	1.033924523139564	0.0
15.920000000000035	1.0339899914323951	0.0
15.980000000000036	1.034055392574294	0.0
16.040000000000035	1.0341207270100339	0.0
16.100000000000033	1.0341859951806005	0.0
16.160000000000032	1.0342511975232294	0.0
16.22000000000003	1.0343163344714432	0.0
16.28000000000003	1.0343814064550914	0.0
16.34000000000003	1.0344464139003853	0.0
16.400000000000027	1.0345113572299367	0.0
16.460000000000026	1.0345762368627927	0.0
16.520000000000024	1.0346410532144728	0.0
16.580000000000023	1.034705806697004	0.0
16.640000000000022	1.034770497718956	0.0
16.70000000000002	1.0348351266854765	0.0
16.76000000000002	1.0348996939983248	0.0
16.820000000000018	1.034964200055906	0.0
16.880000000000017	1.0350286452533062	0.0
16.940000000000015	1.035093029982323	0.0
17.000000000000014	1.0351573546315014	0.0
17.060000000000013	1.0352216195861637	0.0
17.12000000000001	1.0352858252284434	0.0
17.18000000000001	1.0353499719373171	0.0
17.24000000000001	1.0354140600886357	0.0
