# t(seg)	 CIC (A)	 Reactivity($)
-9.94	1.0	0.0
-9.879999999999999	1.0	0.0
-9.819999999999999	1.0	0.0
-9.759999999999998	1.0	0.0
-9.699999999999998	1.0	0.0
-9.639999999999997	1.0	0.0
-9.579999999999997	1.0	0.0
-9.519999999999996	1.0	0.0
-9.459999999999996	1.0	0.0
-9.399999999999995	1.0	0.0
-9.339999999999995	1.0	0.0
-9.279999999999994	1.0	0.0
-9.219999999999994	1.0	0.0
-9.159999999999993	1.0	0.0
-9.099999999999993	1.0	0.0
-9.039999999999992	1.0	0.0
-8.979999999999992	1.0	0.0
-8.919999999999991	1.0	0.0
-8.85999999999999	1.0	0.0
-8.79999999999999	1.0	0.0
-8.73999999999999	1.0	0.0
-8.679999999999989	1.0	0.0
-8.619999999999989	1.0	0.0
-8.559999999999988	1.0	0.0
-8.499999999999988	1.0	0.0
-8.439999999999987	1.0	0.0
-8.379999999999987	1.0	0.0
-8.319999999999986	1.0	0.0
-8.259999999999986	1.0	0.0
-8.199999999999985	1.0	0.0
-8.139999999999985	1.0	0.0
-8.079999999999984	1.0	0.0
-8.019999999999984	1.0	0.0
-7.959999999999984	1.0	0.0
-7.899999999999984	1.0	0.0
-7.839999999999985	1.0	0.0
-7.779999999999985	1.0	0.0
-7.7199999999999855	1.0	0.0
-7.659999999999986	1.0	0.0
-7.599999999999986	1.0	0.0
-7.539999999999987	1.0	0.0
-7.479999999999987	1.0	0.0
-7.4199999999999875	1.0	0.0
-7.359999999999988	1.0	0.0
-7.299999999999988	1.0	0.0
-7.239999999999989	1.0	0.0
-7.179999999999989	1.0	0.0
-7.1199999999999894	1.0	0.0
-7.05999999999999	1.0	0.0
-6.99999999999999	1.0	0.0
-6.939999999999991	1.0	0.0
-6.879999999999991	1.0	0.0
-6.819999999999991	1.0	0.0
-6.759999999999992	1.0	0.0
-6.699999999999992	1.0	0.0
-6.639999999999993	1.0	0.0
-6.579999999999993	1.0	0.0
-6.519999999999993	1.0	0.0
-6.459999999999994	1.0	0.0
-6.399999999999994	1.0	0.0
-6.3399999999999945	1.0	0.0
-6.279999999999995	1.0	0.0
-6.219999999999995	1.0	0.0
-6.159999999999996	1.0	0.0
-6.099999999999996	1.0	0.0
-6.0399999999999965	1.0	0.0
-5.979999999999997	1.0	0.0
-5.919999999999997	1.0	0.0
-5.859999999999998	1.0	0.0
-5.799999999999998	1.0	0.0
-5.739999999999998	1.0	0.0
-5.679999999999999	1.0	0.0
-5.619999999999999	1.0	0.0
-5.56	1.0	0.0
-5.5	1.0	0.0
-5.44	1.0	0.0
-5.380000000000001	1.0	0.0
-5.320000000000001	1.0	0.0
-5.260000000000002	1.0	0.0
-5.200000000000002	1.0	0.0
-5.140000000000002	1.0	0.0
-5.080000000000003	1.0	0.0
-5.020000000000003	1.0	0.0
-4.9600000000000035	1.0	0.0
-4.900000000000004	1.0	0.0
-4.840000000000004	1.0	0.0
-4.780000000000005	1.0	0.0
-4.720000000000005	1.0	0.0
-4.6600000000000055	1.0	0.0
-4.600000000000006	1.0	0.0
-4.540000000000006	1.0	0.0
-4.480000000000007	1.0	-2.6159630017730248e-14
-4.420000000000007	1.0	-2.6159630017730248e-14
-4.360000000000007	1.0	-2.6159630017730248e-14
-4.300000000000008	1.0	-2.6159630017730248e-14
-4.240000000000008	1.0	-2.6159630017730248e-14
-4.180000000000009	1.0	-2.6159630017730248e-14
-4.120000000000009	1.0	-1.0987044607446705e-13
-4.060000000000009	1.0	-1.0987044607446705e-13
-4.00000000000001	1.0	-1.0987044607446705e-13
-3.9400000000000097	1.0	-1.5172585410283546e-13
-3.8800000000000097	1.0	-1.0987044607446705e-13
-3.8200000000000096	1.0	-6.801503804609865e-14
-3.7600000000000096	1.0	-2.6159630017730248e-14
-3.7000000000000095	1.0	1.569577801063815e-14
-3.6400000000000095	1.0	5.755118603900655e-14
-3.5800000000000094	1.0	9.940659406737495e-14
-3.5200000000000093	1.0	5.755118603900655e-14
-3.4600000000000093	1.0	9.940659406737495e-14
-3.4000000000000092	1.0	1.4126200209574336e-13
-3.340000000000009	1.0	1.8311741012411173e-13
-3.280000000000009	1.0	1.4126200209574336e-13
-3.220000000000009	1.0	2.2497281815248016e-13
-3.160000000000009	1.0	2.6682822618084856e-13
-3.100000000000009	1.0	3.0868363420921696e-13
-3.040000000000009	1.0	3.505390422375853e-13
-2.980000000000009	1.0	3.505390422375853e-13
-2.920000000000009	1.0	3.505390422375853e-13
-2.8600000000000088	1.0	3.505390422375853e-13
-2.8000000000000087	1.0	3.505390422375853e-13
-2.7400000000000087	1.0	3.505390422375853e-13
-2.6800000000000086	1.0	3.505390422375853e-13
-2.6200000000000085	1.0	3.505390422375853e-13
-2.5600000000000085	1.0	3.505390422375853e-13
-2.5000000000000084	1.0	3.505390422375853e-13
-2.4400000000000084	1.0	3.505390422375853e-13
-2.3800000000000083	1.0	3.505390422375853e-13
-2.3200000000000083	1.0	3.505390422375853e-13
-2.2600000000000082	1.0	3.505390422375853e-13
-2.200000000000008	1.0	3.505390422375853e-13
-2.140000000000008	1.0	3.505390422375853e-13
-2.080000000000008	1.0	3.505390422375853e-13
-2.020000000000008	1.0	3.505390422375853e-13
-1.960000000000008	1.0	3.505390422375853e-13
-1.900000000000008	1.0	3.505390422375853e-13
-1.8400000000000079	1.0	3.505390422375853e-13
-1.7800000000000078	1.0	3.505390422375853e-13
-1.7200000000000077	1.0	3.505390422375853e-13
-1.6600000000000077	1.0	3.505390422375853e-13
-1.6000000000000076	1.0	3.505390422375853e-13
-1.5400000000000076	1.0	3.505390422375853e-13
-1.4800000000000075	1.0	3.505390422375853e-13
-1.4200000000000075	1.0	3.505390422375853e-13
-1.3600000000000074	1.0	3.505390422375853e-13
-1.3000000000000074	1.0	3.505390422375853e-13
-1.2400000000000073	1.0	3.505390422375853e-13
-1.1800000000000073	1.0	3.505390422375853e-13
-1.1200000000000072	1.0	3.505390422375853e-13
-1.0600000000000072	1.0	3.505390422375853e-13
-1.000000000000007	1.0	3.505390422375853e-13
-0.940000000000007	1.0	3.505390422375853e-13
-0.880000000000007	1.0	3.505390422375853e-13
-0.820000000000007	1.0	3.505390422375853e-13
-0.7600000000000069	1.0	3.505390422375853e-13
-0.7000000000000068	1.0	3.505390422375853e-13
-0.6400000000000068	1.0	3.505390422375853e-13
-0.5800000000000067	1.0	3.505390422375853e-13
-0.5200000000000067	1.0	3.505390422375853e-13
-0.4600000000000067	1.0	3.0868363420921696e-13
-0.4000000000000067	1.0	2.6682822618084856e-13
-0.3400000000000067	1.0	2.2497281815248016e-13
-0.2800000000000067	1.0	1.4126200209574336e-13
-0.2200000000000067	1.0	9.940659406737495e-14
-0.1600000000000067	1.0	5.755118603900655e-14
-0.1000000000000067	1.0	1.569577801063815e-14
-0.0400000000000067	1.0	-2.6159630017730248e-14
0.0199999999999933	1.0094287337741288	7.649141445991566
0.0799999999999933	1.0102658064265115	7.390765805930233
0.1399999999999933	1.0104927022976682	7.345772132212906
0.1999999999999933	1.0107083741080427	7.3490146581034805
0.2599999999999933	1.010914298273054	7.351624116698251
0.3199999999999933	1.0111116302756182	7.353687862306178
0.3799999999999933	1.0113013605307042	7.35529450196549
0.4399999999999933	1.01148433963032	7.356523068411339
0.4999999999999933	1.0116612996055736	7.357443037810418
0.5599999999999933	1.011832871859385	7.358114699223925
0.6199999999999932	1.011999602297104	7.3585897448672855
0.6799999999999933	1.0121619640984463	7.358911987314925
0.7399999999999933	1.012320368503644	7.359118136359262
0.7999999999999934	1.012475173927443	7.359238588319087
0.8599999999999934	1.0126266936647437	7.35929819567046
0.9199999999999935	1.012775202409791	7.3593169960757745
0.9799999999999935	1.0129209417755907	7.35931088813301
1.0399999999999936	1.013064124970615	7.359292247123839
1.0999999999999936	1.0132049407649453	7.359270478288734
1.1599999999999937	1.0133435568570794	7.35925250810048
1.2199999999999938	1.013480122734997	7.359243215969036
1.2799999999999938	1.0136147721102882	7.359245810065451
1.3399999999999939	1.0137476249916795	7.359262151666066
1.399999999999994	1.0138787894538297	7.359293032761954
1.459999999999994	1.0140083631484442	7.359338411746463
1.519999999999994	1.0141364345973567	7.35939761189374
1.579999999999994	1.0142630843009817	7.35946948709164
1.6399999999999941	1.0143883856903027	7.359552559007189
1.6999999999999942	1.0145124059461403	7.359645129500668
1.7599999999999942	1.0146352067057318	7.359745371755439
1.8199999999999943	1.0147568446735322	7.3598514032240105
1.8799999999999943	1.0148773721505013	7.359961343141176
1.9399999999999944	1.0149968374939395	7.360073357033245
1.9999999999999944	1.01511528551806	7.360185690342019
2.0599999999999943	1.0152327578439135	7.360296693005465
2.1199999999999943	1.0153492932059587	7.3604048365845625
2.1799999999999944	1.0154649277214576	7.360508725307179
2.2399999999999944	1.0155796951279277	7.360607102187243
2.2999999999999945	1.0156936269930954	7.360698851214903
2.3599999999999945	1.0158067529011214	7.360782996448978
2.4199999999999946	1.0159191006183026	7.36085869871334
2.4799999999999947	1.0160306962409902	7.360925250485872
2.5399999999999947	1.016141564328036	7.3609820694567745
2.5999999999999948	1.016251728019768	7.361028691162299
2.659999999999995	1.0163612091451817	7.361064761013356
2.719999999999995	1.0164700283188082	7.361090025986513
2.779999999999995	1.016578205028504	7.36110432618346
2.839999999999995	1.0166857577152328	7.3611075864266216
2.899999999999995	1.016792703845767	7.361099808020554
2.959999999999995	1.016899059979102	7.36108106077586
3.019999999999995	1.0170048418272775	7.361051475368639
3.079999999999995	1.0171100643111974	7.3610112360846385
3.1399999999999952	1.0172147416119763	7.360960573985876
3.1999999999999953	1.0173188872182637	7.360899760519186
3.2599999999999953	1.0174225139699382	7.360829101573222
3.3199999999999954	1.0175256340985268	7.36074893198517
3.3799999999999955	1.017628259264653	7.360659610495694
3.4399999999999955	1.0177304005927807	7.360561515131816
3.4999999999999956	1.017832068703499	7.360455039009676
3.5599999999999956	1.0179332737435547	7.360340586533164
3.6199999999999957	1.0180340254138271	7.3602185699733065
3.6799999999999957	1.0181343329954093	7.3600894063984335
3.7399999999999958	1.018234205373951	7.359953514944477
3.799999999999996	1.0183336510623966	7.359811314388993
3.859999999999996	1.0184326782222466	7.359663221021749
3.919999999999996	1.0185312946834448	7.359509646774081
3.979999999999996	1.0186295079630006	7.359350997597967
4.039999999999996	1.0187273252824343	7.359187672071282
4.099999999999995	1.0188247535841293	7.359020060205268
4.159999999999995	1.0189217995466668	7.358848542439952
4.219999999999994	1.0190184695992162	7.358673488810772
4.279999999999994	1.0191147699350416	7.358495258267291
4.339999999999994	1.0192107065241873	7.358314198129834
4.399999999999993	1.0193062851253936	7.358130643670982
4.459999999999993	1.0194015112972947	7.357944917806892
4.5199999999999925	1.0194963904089478	7.35775733088851
4.579999999999992	1.0195909276497308	7.3575681805789115
4.639999999999992	1.0196851280386554	7.357377751808898
4.699999999999991	1.019778996433126	7.357186316799818
4.759999999999991	1.0198725375371862	7.356994135145084
4.8199999999999905	1.0199657559092783	7.356801453945707
4.87999999999999	1.0200586559695517	7.356608507985994
4.93999999999999	1.0201512420067447	7.356415519951817
4.999999999999989	1.0202435181846652	7.35622270067672
5.059999999999989	1.0203354885482983	7.356030249417315
5.119999999999989	1.020427157029561	7.3558383541497445
5.179999999999988	1.020518527452727	7.355647191886182
5.239999999999988	1.0206096035395387	7.355456929001464
5.299999999999987	1.0207003889140287	7.355267721574089
5.359999999999987	1.0207908871070661	7.355079715732255
5.419999999999987	1.0208811015606472	7.35489304800957
5.479999999999986	1.0209710356319384	7.354707845695206
5.539999999999986	1.0210606925970975	7.354524227195577
5.599999999999985	1.0211500756548755	7.354342302384355
5.659999999999985	1.0212391879300187	7.354162172957865
5.719999999999985	1.0213280324764817	7.35398393278282
5.779999999999984	1.0214166122804604	7.353807668238439
5.839999999999984	1.0215049302632595	7.35363345855624
5.8999999999999835	1.0215929892839968	7.353461376146339
5.959999999999983	1.0216807921421664	7.353291486924788
6.019999999999983	1.0217683415800554	7.353123850624158
6.079999999999982	1.0218556402850316	7.352958521101667
6.139999999999982	1.021942690891709	7.352795546636558
6.1999999999999815	1.0220294959839913	7.352634970215678
6.259999999999981	1.0221160580970117	7.352476829813954
6.319999999999981	1.0222023797189659	7.352321158662875
6.37999999999998	1.0222884632928462	7.352167985508605
6.43999999999998	1.0223743112180887	7.35201733486316
6.49999999999998	1.0224599258521296	7.351869227243913
6.559999999999979	1.022545309511882	7.3517236794044925
6.619999999999979	1.0226304644751358	7.351580704556208
6.679999999999978	1.022715392981886	7.351440312579464
6.739999999999978	1.0228000972355917	7.3513025102283205
6.799999999999978	1.0228845794043726	7.351167301323639
6.859999999999977	1.0229688416221425	7.3510346869393155
6.919999999999977	1.0230528859896901	7.35090466557974
6.9799999999999764	1.023136714575701	7.350777233347749
7.039999999999976	1.023220329417734	7.35065238410709
7.099999999999976	1.0233037325231449	7.350530109634374
7.159999999999975	1.0233869258699704	7.3504103997667665
7.219999999999975	1.0234699114077652	7.350293242539466
7.2799999999999745	1.0235526910584023	7.350178624317637
7.339999999999974	1.0236352667168327	7.350066529921646
7.399999999999974	1.0237176402518124	7.349956942745526
7.459999999999973	1.023799813506594	7.349849844869879
7.519999999999973	1.0238817882995865	7.349745217168115
7.5799999999999725	1.023963566424987	7.349643039407286
7.639999999999972	1.024045149653381	7.349543290341805
7.699999999999972	1.0241265397323196	7.349445947807024
7.759999999999971	1.0242077383868688	7.349350988800299
7.819999999999971	1.0242887473201374	7.349258389564279
7.879999999999971	1.0243695682137794	7.3491681256609835
7.93999999999997	1.0244502027284774	7.349080172042455
7.99999999999997	1.024530652504406	7.348994503119766
8.05999999999997	1.0246109191616755	7.348911092825653
8.11999999999997	1.0246910043007567	7.348829914671899
8.179999999999971	1.0247709095028907	7.348750941807471
8.239999999999972	1.024850636330482	7.348674147069944
8.299999999999972	1.0249301863274747	7.348599503033328
8.359999999999973	1.025009561019718	7.34852698205713
8.419999999999973	1.0250887619153137	7.348456556325229
8.479999999999974	1.025167790504954	7.348388197889549
8.539999999999974	1.025246648262246	7.348321878705326
8.599999999999975	1.025325336644024	7.348257570667771
8.659999999999975	1.0254038570906525	7.348195245644082
8.719999999999976	1.0254822110263169	7.348134875503253
8.779999999999976	1.0255603998593044	7.348076432144105
8.839999999999977	1.0256384249822799	7.348019887525155
8.899999999999977	1.0257162877725439	7.34796521368246
8.959999999999978	1.0257939895922918	7.347912382758253
9.019999999999978	1.0258715317888594	7.347861367018647
9.079999999999979	1.025948915694962	7.347812138873716
9.13999999999998	1.026026142628926	7.347764670894596
9.19999999999998	1.0261032138949153	7.347718935830925
9.25999999999998	1.0261801307831484	7.347674906624262
9.31999999999998	1.0262568945701114	7.347632556423398
9.379999999999981	1.0263335065187646	7.3475918585957185
9.439999999999982	1.0264099678787426	7.34755278673834
9.499999999999982	1.0264862798865493	7.347515314689742
9.559999999999983	1.026562443765749	7.347479416537938
9.619999999999983	1.0266384607271501	7.347445066628822
9.679999999999984	1.0267143319689864	7.347412239574123
9.739999999999984	1.0267900586770928	7.347380910258103
9.799999999999985	1.026865642025077	7.347351053843184
9.859999999999985	1.0269410831744867	7.3473226457754155
9.919999999999986	1.0270163832749726	7.347295661787956
9.979999999999986	1.0270915434644494	7.347270077906409
10.039999999999987	1.027166564869251	7.3472458704512595
10.099999999999987	1.0272414486042833	7.347223016040708
10.159999999999988	1.027316195773174	7.347201491592952
10.219999999999988	1.0273908074684173	7.347181274327428
10.279999999999989	1.027465284771519	7.347162341767181
10.33999999999999	1.0275396287531355	7.347144671738647
10.39999999999999	1.0276138404732105	7.347128242372513
10.45999999999999	1.0276879209811107	7.347113032103825
10.51999999999999	1.0277618713157566	7.347099019671915
10.579999999999991	1.0278356925057532	7.347086184119422
10.639999999999992	1.0279093855695158	7.347074504792163
10.699999999999992	1.0279829515153949	7.3470639613371596
10.759999999999993	1.0280563913417986	7.347054533702192
10.819999999999993	1.028129706037313	7.347046202133459
10.879999999999994	1.0282028965808188	7.347038947174188
10.939999999999994	1.02827596394161	7.347032749663657
10.999999999999995	1.0283489090795046	7.347027590732748
11.059999999999995	1.0284217329449592	7.347023451803579
11.119999999999996	1.0284944364791777	7.347020314586672
11.179999999999996	1.0285670206142192	7.347018161077428
11.239999999999997	1.0286394862731074	7.347016973555942
11.299999999999997	1.028711834369932	7.347016734580655
11.359999999999998	1.0287840658099543	7.34701742698823
11.419999999999998	1.028856181489708	7.347019033889994
11.479999999999999	1.0289281822970986	7.347021538667765
11.54	1.029000069111504	7.347024924972535
11.6	1.0290718428038697	7.347029176719462
11.66	1.0291435042368047	7.347034278085996
11.72	1.0292150542646765	7.347040213507879
11.780000000000001	1.0292864937337043	7.347046967677066
11.840000000000002	1.0293578234820489	7.347054525536158
11.900000000000002	1.0294290443399048	7.347062872277546
11.960000000000003	1.029500157129587	7.347071993337374
12.020000000000003	1.0295711626656217	7.347081874395416
12.080000000000004	1.0296420617548305	7.347092501368858
12.140000000000004	1.0297128551964163	7.347103860409707
12.200000000000005	1.0297835437820484	7.347115937902855
12.260000000000005	1.029854128295944	7.34712872045994
12.320000000000006	1.0299246095149512	7.347142194918718
12.380000000000006	1.0299949882086308	7.347156348337973
12.440000000000007	1.0300652651393336	7.347171167994409
12.500000000000007	1.0301354410622816	7.34718664138026
12.560000000000008	1.030205516725644	7.347202756198745
12.620000000000008	1.0302754928706153	7.34721950036079
12.680000000000009	1.03034537023149	7.347236861983323
12.740000000000009	1.0304151495357385	7.347254829384132
12.80000000000001	1.0304848315040793	7.347273391079533
12.86000000000001	1.0305544168505545	7.347292535781641
12.92000000000001	1.030623906282599	7.347312252393906
12.980000000000011	1.0306933005011136	7.347332530008795
13.040000000000012	1.030762600200534	7.347353357904189
13.100000000000012	1.0308318060689015	7.347374725542204
13.160000000000013	1.0309009187879299	7.3473966225626794
13.220000000000013	1.0309699390330755	7.347419038783881
13.280000000000014	1.031038867473601	7.347441964196085
13.340000000000014	1.0311077047726442	7.347465388962031
13.400000000000015	1.0311764515872817	7.347489303410765
13.460000000000015	1.0312451085685939	7.347513698037188
13.520000000000016	1.031313676361729	7.347538563498549
13.580000000000016	1.0313821556059655	7.3475638906108385
13.640000000000017	1.0314505469347748	7.347589670347803
13.700000000000017	1.0315188509758817	7.3476158938353215
13.760000000000018	1.0315870683513269	7.347642552352496
13.820000000000018	1.0316551996775254	7.347669637325867
13.880000000000019	1.0317232455653265	7.3476971403285285
13.940000000000019	1.0317912066200725	7.347725053076751
14.00000000000002	1.0318590834416566	7.347753367428437
14.06000000000002	1.03192687662458	7.347782075379482
14.12000000000002	1.0319945867580085	7.347811169061961
14.180000000000021	1.032062214425829	7.347840640741572
14.240000000000022	1.0321297602067037	7.347870482815766
14.300000000000022	1.0321972246741258	7.347900687810573
14.360000000000023	1.0322646083964735	7.347931248379026
14.420000000000023	1.0323319119370629	7.347962157298613
14.480000000000024	1.0323991358542004	7.347993407469102
14.540000000000024	1.0324662807012361	7.348024991910048
14.600000000000025	1.032533347026615	7.348056903759494
14.660000000000025	1.032600335373927	7.348089136271315
14.720000000000026	1.0326672462819588	7.348121682812313
14.780000000000026	1.0327340802847433	7.348154536862548
14.840000000000027	1.032800837911608	7.348187692010823
14.900000000000027	1.0328675196872246	7.348221141953708
14.960000000000027	1.0329341261316578	7.348254880494767
15.020000000000028	1.0330006577604112	7.34828890154033
15.080000000000028	1.0330671150844757	7.3483231990993545
15.140000000000029	1.033133498610376	7.348357767281281
15.20000000000003	1.0331998088402155	7.348392600293758
15.26000000000003	1.033266046271724	7.348427692442035
15.32000000000003	1.0333322113983003	7.348463038124928
15.380000000000031	1.0333983047090587	7.348498631836345
15.440000000000031	1.0334643266888712	7.348534468160114
15.500000000000032	1.0335302778184128	7.348570541771625
15.560000000000032	1.033596158574203	7.348606847433645
15.620000000000033	1.0336619694286497	7.348643379996353
15.680000000000033	1.03372771085009	7.348680134395235
15.740000000000034	1.0337933833028328	7.348717105649241
15.800000000000034	1.0338589872471993	7.34875428885963
15.860000000000035	1.033924523139564	7.348791679208776
15.920000000000035	1.0339899914323951	7.348829271958231
15.980000000000036	1.034055392574294	7.348867062447618
16.040000000000035	1.0341207270100339	7.348905046092661
16.100000000000033	1.0341859951806005	7.348943218385062
16.160000000000032	1.0342511975232294	7.348981574890167
16.22000000000003	1.0343163344714432	7.349020111245188
16.28000000000003	1.0343814064550914	7.349058823159675
16.34000000000003	1.0344464139003853	7.3490977064123335
16.400000000000027	1.0345113572299367	7.349136756851278
16.460000000000026	1.0345762368627927	7.349175970391851
16.520000000000024	1.0346410532144728	7.349215343015575
16.580000000000023	1.034705806697004	7.349254870769874
16.640000000000022	1.034770497718956	7.3492945497650695
16.70000000000002	1.0348351266854765	7.349334376176018
16.76000000000002	1.0348996939983248	7.349374346237541
16.820000000000018	1.034964200055906	7.349414456246497
16.880000000000017	1.0350286452533062	7.349454702559271
16.940000000000015	1.035093029982323	7.349495081590284
17.000000000000014	1.0351573546315014	7.349535589811872
17.060000000000013	1.0352216195861637	7.349576223753111
17.12000000000001	1.0352858252284434	7.349616979998072
17.18000000000001	1.0353499719373171	7.349657855186193
17.24000000000001	1.0354140600886357	7.349698846010785
17.300000000000008	1.0354780900551546	7.349739949216642
17.360000000000007	1.0355420622065654	7.349781161601727
17.420000000000005	1.035605976909527	7.3498224800137875
17.480000000000004	1.035669834527695	7.349863901351943
17.540000000000003	1.0357336354217506	7.349905422563039
17.6	1.0357973799494324	7.349947040643459
17.66	1.0358610684655645	7.349988752636882
17.72	1.0359247013220834	7.350030555632954
17.779999999999998	1.0359882788680699	7.350072446768003
17.839999999999996	1.036051801449775	7.350114423223013
17.899999999999995	1.0361152694106486	7.35015648222303
17.959999999999994	1.0361786830913682	7.35019862103851
18.019999999999992	1.036242042829863	7.35024083698048
18.07999999999999	1.036305348961345	7.350283127402661
18.13999999999999	1.0363686018183331	7.350325489701777
18.19999999999999	1.0364318017306793	7.350367921312682
18.259999999999987	1.036494949025597	7.350410419712521
18.319999999999986	1.0365580440276851	7.350452982416553
18.379999999999985	1.036621087058954	7.350495606978899
18.439999999999984	1.0366840784388518	7.350538290992525
18.499999999999982	1.036747018484287	7.350581032086172
18.55999999999998	1.0368099075096562	7.3506238279269915
18.61999999999998	1.0368727458268667	7.3506666762176796
18.67999999999998	1.0369355337453614	7.350709574696251
18.739999999999977	1.0369982715721424	7.350752521136032
18.799999999999976	1.037060959611795	7.350795513344738
18.859999999999975	1.037123598166511	7.350838549163723
18.919999999999973	1.0371861875361124	7.350881626467893
18.979999999999972	1.0372487280180733	7.350924743164703
19.03999999999997	1.0373112199075436	7.350967897193694
19.09999999999997	1.037373663497371	7.351011086526555
19.159999999999968	1.037436059078123	7.351054309165531
19.219999999999967	1.03749840693811	7.35109756314403
19.279999999999966	1.037560707363405	7.3511408465252135
19.339999999999964	1.0376229606378677	7.351184157402604
19.399999999999963	1.0376851670431633	7.351227493897711
19.45999999999996	1.0377473268587851	7.3512708541621326
19.51999999999996	1.0378094403620748	7.351314236374602
19.57999999999996	1.0378715078282428	7.3513576387424076
19.639999999999958	1.0379335295303898	7.351401059499968
19.699999999999957	1.0379955057395247	7.35144449690829
19.759999999999955	1.0380574367245872	7.351487949255401
19.819999999999954	1.038119322752466	7.351531414855524
19.879999999999953	1.0381811640880179	7.351574892047545
19.93999999999995	1.0382429609940886	7.351618379197223
19.99999999999995	1.03830471373153	7.351661874693551
20.05999999999995	1.038366422559221	7.351705376951161
20.119999999999948	1.0384280877340848	7.351748884408469
20.179999999999946	1.038489709511108	7.351792395527299
20.239999999999945	1.0385512881433585	7.351835908793161
20.299999999999944	1.038612823882004	7.351879422714492
20.359999999999943	1.0386743169763302	7.351922935822605
20.41999999999994	1.038735767673757	7.351966446670843
20.47999999999994	1.0387971762198578	7.352009953834131
20.53999999999994	1.0388585428583763	7.352053455910132
20.599999999999937	1.0389198678312435	7.352096951516822
20.659999999999936	1.0389811513785938	7.352140439293131
20.719999999999935	1.0390423937387838	7.3521839178995485
20.779999999999934	1.0391035951484069	7.352227386015802
20.839999999999932	1.0391647558423118	7.352270842342756
20.89999999999993	1.039225876053616	7.3523142855998005
20.95999999999993	1.0392869560137248	7.352357714527201
21.01999999999993	1.039347995952345	7.352401127882848
21.079999999999927	1.0394089960975028	7.352444524444973
21.139999999999926	1.0394699566755565	7.352487903009033
21.199999999999925	1.0395308779112151	7.352531262389953
21.259999999999923	1.039591760027551	7.3525746014199225
21.319999999999922	1.039652603246017	7.352617918949492
21.37999999999992	1.039713407786459	7.352661213845681
21.43999999999992	1.0397741738671338	7.352704484994292
21.49999999999992	1.0398349017047213	7.352747731297242
21.559999999999917	1.0398955915143395	7.352790951673139
21.619999999999916	1.0399562435095604	7.352834145058102
21.679999999999914	1.0400168579024207	7.352877310402679
21.739999999999913	1.04007743490344	7.35292044667558
21.799999999999912	1.0401379747216315	7.352963552859811
21.85999999999991	1.040198477564517	7.353006627954677
21.91999999999991	1.0402589436381409	7.353049670974904
21.979999999999908	1.040319373147083	7.353092680950116
22.039999999999907	1.040379766294471	7.353135656924567
22.099999999999905	1.040440123281996	7.353178597958642
22.159999999999904	1.0405004443099233	7.3532215031255195
22.219999999999903	1.0405607295771058	7.353264371513751
22.2799999999999	1.0406209792809977	7.353307202226042
22.3399999999999	1.040681193617666	7.35334999437827
22.3999999999999	1.0407413727818038	7.353392747100629
22.459999999999898	1.0408015169667422	7.353435459537378
22.519999999999897	1.0408616263644623	7.353478130845194
22.579999999999895	1.0409217011656082	7.353520760194096
22.639999999999894	1.0409817415594982	7.35356334676787
22.699999999999893	1.0410417477341367	7.353605889762401
22.75999999999989	1.041101719876226	7.353648388386279
22.81999999999989	1.041161658171179	7.3536908418611215
22.87999999999989	1.041221562803128	7.353733249420059
22.939999999999888	1.0412814339549394	7.353775610309291
22.999999999999886	1.0413412718082227	7.35381792378657
23.059999999999885	1.0414010765433417	7.353860189121103
23.119999999999884	1.0414608483394268	7.3539024055941065
23.179999999999882	1.0415205873743851	7.353944572498694
23.23999999999988	1.0415802938249112	7.35398668913927
23.29999999999988	1.0416399678664976	7.354028754830583
23.35999999999988	1.041699609673446	7.354070768899541
23.419999999999877	1.0417592194188772	7.354112730683196
23.479999999999876	1.0418187972747421	7.35415463953025
23.539999999999875	1.041878343411831	7.354196494799146
23.599999999999874	1.0419378579997842	7.354238295859125
23.659999999999872	1.0419973412071029	7.354280042090754
23.71999999999987	1.0420567932011566	7.354321732883126
23.77999999999987	1.0421162141481963	7.354363367636521
23.83999999999987	1.0421756042133623	7.354404945761487
23.899999999999867	1.0422349635606931	7.354446466677465
23.959999999999866	1.0422942923531373	7.354487929814341
24.019999999999865	1.0423535907525605	7.354529334611421
24.079999999999863	1.0424128589197568	7.354570680517308
24.139999999999862	1.0424720970144565	7.3546119669907
24.19999999999986	1.0425313051953362	7.354653193498543
24.25999999999986	1.0425904836200266	7.354694359517137
24.319999999999858	1.0426496324451238	7.354735464532914
24.379999999999857	1.0427087518261955	7.354776508039764
24.439999999999856	1.0427678419177913	7.354817489540849
24.499999999999854	1.0428269028734516	7.354858408548705
24.559999999999853	1.0428859348457156	7.354899264583911
24.619999999999852	1.0429449379861293	7.354940057175035
24.67999999999985	1.0430039124452553	7.354980785860048
24.73999999999985	1.0430628583726795	7.355021450184009
24.799999999999848	1.0431217759170215	7.355062049701397
24.859999999999847	1.0431806652259412	7.355102583974263
24.919999999999845	1.0432395264461465	7.3551430525721075
24.979999999999844	1.043298359723403	7.355183455073157
25.039999999999843	1.0433571652025404	7.355223791063155
25.09999999999984	1.0434159430274614	7.355264060135023
25.15999999999984	1.0434746933411492	7.3553042618902404
25.21999999999984	1.0435334162856744	7.355344395936876
25.279999999999838	1.0435921120022038	7.35538446189084
25.339999999999836	1.0436507806310071	7.355424459375508
25.399999999999835	1.043709422311465	7.355464388021086
25.459999999999834	1.0437680371820761	7.3555042474656895
25.519999999999833	1.0438266253804651	7.355544037354161
25.57999999999983	1.0438851870433878	7.355583757337162
25.63999999999983	1.0439437223067416	7.3556234070746305
25.69999999999983	1.04400223130557	7.355662986231527
25.759999999999827	1.0440607141740696	7.355702494479674
25.819999999999826	1.0441191710455997	7.355741931498455
25.879999999999825	1.044177602052687	7.355781296973686
25.939999999999824	1.0442360073270316	7.355820590596763
25.999999999999822	1.0442943869995165	7.355859812066584
26.05999999999982	1.0443527412002125	7.355898961088017
26.11999999999982	1.044411070058384	7.355938037371688
26.17999999999982	1.044469373702498	7.355977040635798
26.239999999999817	1.0445276522602296	7.356015970603658
26.299999999999816	1.0445859058584663	7.356054827004241
26.359999999999815	1.0446441346233184	7.356093609574185
26.419999999999813	1.0447023386801215	7.356132318054557
26.479999999999812	1.0447605181534452	7.356170952193155
26.53999999999981	1.0448186731670979	7.35620951174296
26.59999999999981	1.0448768038441332	7.356247996462902
26.65999999999981	1.044934910306858	7.3562864061185
26.719999999999807	1.0449929926768344	7.356324740479429
26.779999999999806	1.0450510510748896	7.356362999321874
26.839999999999804	1.045109085621119	7.356401182426948
26.899999999999803	1.0451670964348942	7.356439289582131
26.959999999999802	1.0452250836348673	7.3564773205793905
27.0199999999998	1.0452830473389767	7.356515275215941
27.0799999999998	1.0453409876644537	7.356553153294878
27.139999999999798	1.0453989047278267	7.356590954623975
27.199999999999797	1.0454567986449292	7.356628679016529
27.259999999999796	1.0455146695309019	7.356666326290882
27.319999999999794	1.0455725175002009	7.356703896269994
27.379999999999793	1.0456303426666018	7.356741388782189
27.43999999999979	1.045688145143205	7.356778803660173
27.49999999999979	1.0457459250424421	7.356816140742493
27.55999999999979	1.0458036824760801	7.356853399871887
27.619999999999788	1.0458614175552265	7.356890580895574
27.679999999999787	1.0459191303903352	7.356927683666047
27.739999999999785	1.0459768210912106	7.356964708039802
27.799999999999784	1.0460344897670135	7.357001653878206
27.859999999999783	1.0460921365262663	7.357038521047891
27.91999999999978	1.0461497614768565	7.357075309418864
27.97999999999978	1.0462073647260437	7.3571120188663865
28.03999999999978	1.0462649463804616	7.357148649269289
28.099999999999778	1.0463225065461261	7.3571852005116485
28.159999999999776	1.0463800453284378	7.357221672481758
28.219999999999775	1.046437562832187	7.357258065070981
28.279999999999774	1.0464950591615594	7.357294378176726
28.339999999999772	1.046552534420139	7.357330611698681
28.39999999999977	1.0466099887109146	7.357366765542046
28.45999999999977	1.0466674221362835	7.357402839615751
28.51999999999977	1.0467248347980551	7.357438833832135
28.579999999999767	1.0467822267974567	7.357474748108272
28.639999999999766	1.0468395982351373	7.3575105823648235
28.699999999999765	1.0468969492111722	7.357546336526478
28.759999999999764	1.0469542798250666	7.357582010521553
28.819999999999762	1.0470115901757613	7.357617604282656
28.87999999999976	1.0470688803616353	7.3576531177455236
28.93999999999976	1.0471261504805107	7.357688550849983
28.99999999999976	1.047183400629658	7.357723903539592
29.059999999999757	1.0472406309057982	7.357759175761243
29.119999999999756	1.047297841405108	7.357794367465474
29.179999999999755	1.047355032223224	7.357829478607164
29.239999999999753	1.0474122034552458	7.357864509143443
29.299999999999752	1.0474693551957412	7.357899459035822
29.35999999999975	1.04752648753875	7.357934328249626
29.41999999999975	1.0475836005777857	7.3579691167518355
29.479999999999748	1.0476406944058427	7.3580038245146655
29.539999999999747	1.0476977691153977	7.358038451513044
29.599999999999746	1.0477548247984145	7.358072997724642
29.659999999999744	1.0478118615463476	7.358107463131159
29.719999999999743	1.0478688794501458	7.358141847717088
29.779999999999742	1.0479258786002559	7.358176151470134
29.83999999999974	1.0479828590866265	7.358210374381618
29.89999999999974	1.0480398209987112	7.358244516445149
29.959999999999738	1.048096764425473	7.358278577658426
30.019999999999737	1.0481536894553876	7.358312558021373
30.079999999999735	1.0482105961764454	7.358346457537166
30.139999999999734	1.0482674846761575	7.3583802762118395
30.199999999999733	1.0483243550415575	7.358414014054855
30.25999999999973	1.0483812073592056	7.358447671078431
30.31999999999973	1.048438041715191	7.358481247297122
30.37999999999973	1.0484948581951372	7.358514742729089
30.439999999999728	1.048551656884203	7.358548157394759
30.499999999999726	1.048608437867088	7.3585814913175085
30.559999999999725	1.048665201228033	7.358614744523556
30.619999999999724	1.0487219470508278	7.358647917042034
30.679999999999723	1.0487786754188089	7.358681008904163
30.73999999999972	1.048835386414868	7.3587140201447845
30.79999999999972	1.04889208012145	7.358746950799789
30.85999999999972	1.048948756620561	7.35877980090961
30.919999999999717	1.049005415993768	7.3588125705158784
30.979999999999716	1.0490620583222032	7.358845259663201
31.039999999999715	1.049118683686567	7.358877868398881
31.099999999999714	1.0491752921671311	7.358910396772213
31.159999999999712	1.0492318838437418	7.358942844835762
31.21999999999971	1.049288458795821	7.35897521264343
31.27999999999971	1.0493450171023728	7.359007500252811
31.33999999999971	1.0494015588419825	7.359039707722709
31.399999999999707	1.049458084092822	7.359071835114697
31.459999999999706	1.0495145929326517	7.359103882492747
31.519999999999705	1.0495710854388238	7.359135849922964
31.579999999999703	1.049627561688285	7.359167737474696
31.639999999999702	1.0496840217575785	7.3591995452174
31.6999999999997	1.0497404657228477	7.35923127322485
31.7599999999997	1.0497968936598387	7.359262921571715
31.8199999999997	1.0498533056439034	7.359294490335675
31.879999999999697	1.0499097017500008	7.359325979595761
31.939999999999696	1.0499660820527013	7.359357389434139
31.999999999999694	1.050022446626188	7.359388719933583
32.0599999999997	1.050078795544261	7.359419971180154
32.1199999999997	1.0501351288803376	7.359451143261478
32.1799999999997	1.0501914467074573	7.359482236267434
32.239999999999704	1.0502477490982831	7.359513250289387
32.299999999999706	1.0503040361251035	7.359544185421126
32.35999999999971	1.0503603078598365	7.359575041758326
32.41999999999971	1.0504165643740309	7.359605819398615
32.47999999999971	1.050472805738869	7.359636518440827
32.539999999999715	1.0505290320251701	7.359667138987004
32.59999999999972	1.0505852433033909	7.359697681139687
32.65999999999972	1.0506414396436292	7.359728145003988
32.71999999999972	1.0506976211156267	7.359758530686268
32.779999999999724	1.05075378778877	7.3597888382955405
32.839999999999726	1.0508099397320945	7.359819067941593
32.89999999999973	1.050866077014285	7.359849219736358
32.95999999999973	1.05092219970368	7.359879293793963
33.01999999999973	1.0509783078682717	7.3599092902294325
33.079999999999735	1.0510344015757103	7.359939209159822
33.13999999999974	1.0510904808933048	7.35996905070378
33.19999999999974	1.0511465458880263	7.359998814981715
33.25999999999974	1.0512025966265097	7.360028502115597
33.319999999999744	1.0512586331750553	7.360058112228682
33.37999999999975	1.0513146555996318	7.360087645445556
33.43999999999975	1.051370663965879	7.360117101893947
33.49999999999975	1.0514266583391079	7.3601464817008955
33.559999999999754	1.0514826387843048	7.360175784996627
33.619999999999756	1.0515386053661324	7.360205011911641
33.67999999999976	1.051594558148932	7.360234162578672
33.73999999999976	1.0516504971967267	7.360263237132168
33.79999999999976	1.0517064225732207	7.36029223570698
33.859999999999765	1.0517623343418037	7.360321158439671
33.91999999999977	1.0518182325655534	7.360350005469207
33.97999999999977	1.0518741173072346	7.360378776934226
34.03999999999977	1.051929988629304	7.360407472976136
34.099999999999774	1.0519858465939105	7.360436093736832
34.159999999999776	1.0520416912628985	7.360464639360136
34.21999999999978	1.0520975226978082	7.360493109990629
34.27999999999978	1.0521533409598787	7.360521505774055
34.33999999999978	1.0522091461100496	7.360549826858398
34.399999999999785	1.0522649382089628	7.360578073391743
34.45999999999979	1.0523207173169642	7.360606245523833
34.51999999999979	1.0523764834941056	7.360634343405531
34.57999999999979	1.0524322368001477	7.360662367189401
34.639999999999795	1.0524879772945597	7.360690317028296
34.6999999999998	1.0525437050365232	7.360718193077176
34.7599999999998	1.0525994200849316	7.360745995490756
34.8199999999998	1.0526551224983953	7.360773724426453
34.879999999999804	1.0527108123352404	7.360801380041822
34.939999999999806	1.0527664896535118	7.360828962495438
34.99999999999981	1.0528221545109744	7.360856471947452
35.05999999999981	1.0528778069651157	7.360883908558908
35.11999999999981	1.0529334470731468	7.360911272492046
35.179999999999815	1.0529890748920034	7.360938563909
35.23999999999982	1.0530446904783495	7.360965782974687
35.29999999999982	1.053100293888577	7.36099292985334
35.35999999999982	1.0531558851788085	7.361020004711453
