# t(seg)	 CIC (A)	 Reactivity($)
-9.94	1.0	0.0
-9.879999999999999	1.0	0.0
-9.819999999999999	1.0	0.0
-9.759999999999998	1.0	0.0
-9.699999999999998	1.0	0.0
-9.639999999999997	1.0	0.0
-9.579999999999997	1.0	0.0
-9.519999999999996	1.0	0.0
-9.459999999999996	1.0	0.0
-9.399999999999995	1.0	0.0
-9.339999999999995	1.0	0.0
-9.279999999999994	1.0	0.0
-9.219999999999994	1.0	0.0
-9.159999999999993	1.0	0.0
-9.099999999999993	1.0	0.0
-9.039999999999992	1.0	0.0
-8.979999999999992	1.0	0.0
-8.919999999999991	1.0	0.0
-8.85999999999999	1.0	0.0
-8.79999999999999	1.0	0.0
-8.73999999999999	1.0	0.0
-8.679999999999989	1.0	0.0
-8.619999999999989	1.0	0.0
-8.559999999999988	1.0	0.0
-8.499999999999988	1.0	0.0
-8.439999999999987	1.0	0.0
-8.379999999999987	1.0	0.0
-8.319999999999986	1.0	0.0
-8.259999999999986	1.0	0.0
-8.199999999999985	1.0	0.0
-8.139999999999985	1.0	0.0
-8.079999999999984	1.0	0.0
-8.019999999999984	1.0	0.0
-7.959999999999984	1.0	0.0
-7.899999999999984	1.0	0.0
-7.839999999999985	1.0	0.0
-7.779999999999985	1.0	0.0
-7.7199999999999855	1.0	0.0
-7.659999999999986	1.0	0.0
-7.599999999999986	1.0	0.0
-7.539999999999987	1.0	0.0
-7.479999999999987	1.0	0.0
-7.4199999999999875	1.0	0.0
-7.359999999999988	1.0	0.0
-7.299999999999988	1.0	0.0
-7.239999999999989	1.0	0.0
-7.179999999999989	1.0	0.0
-7.1199999999999894	1.0	0.0
-7.05999999999999	1.0	0.0
-6.99999999999999	1.0	0.0
-6.939999999999991	1.0	0.0
-6.879999999999991	1.0	0.0
-6.819999999999991	1.0	0.0
-6.759999999999992	1.0	0.0
-6.699999999999992	1.0	0.0
-6.639999999999993	1.0	0.0
-6.579999999999993	1.0	0.0
-6.519999999999993	1.0	0.0
-6.459999999999994	1.0	0.0
-6.399999999999994	1.0	0.0
-6.3399999999999945	1.0	0.0
-6.279999999999995	1.0	0.0
-6.219999999999995	1.0	0.0
-6.159999999999996	1.0	0.0
-6.099999999999996	1.0	0.0
-6.0399999999999965	1.0	0.0
-5.979999999999997	1.0	0.0
-5.919999999999997	1.0	0.0
-5.859999999999998	1.0	0.0
-5.799999999999998	1.0	0.0
-5.739999999999998	1.0	0.0
-5.679999999999999	1.0	0.0
-5.619999999999999	1.0	0.0
-5.56	1.0	0.0
-5.5	1.0	0.0
-5.44	1.0	0.0
-5.380000000000001	1.0	0.0
-5.320000000000001	1.0	0.0
-5.260000000000002	1.0	0.0
-5.200000000000002	1.0	0.0
-5.140000000000002	1.0	0.0
-5.080000000000003	1.0	0.0
-5.020000000000003	1.0	0.0
-4.9600000000000035	1.0	0.0
-4.900000000000004	1.0	0.0
-4.840000000000004	1.0	0.0
-4.780000000000005	1.0	0.0
-4.720000000000005	1.0	0.0
-4.6600000000000055	1.0	0.0
-4.600000000000006	1.0	0.0
-4.540000000000006	1.0	0.0
-4.480000000000007	1.0	0.0
-4.420000000000007	1.0	0.0
-4.360000000000007	1.0	0.0
-4.300000000000008	1.0	0.0
-4.240000000000008	1.0	0.0
-4.180000000000009	1.0	0.0
-4.120000000000009	1.0	0.0
-4.060000000000009	1.0	0.0
-4.00000000000001	1.0	0.0
-3.9400000000000097	1.0	0.0
-3.8800000000000097	1.0	0.0
-3.8200000000000096	1.0	0.0
-3.7600000000000096	1.0	0.0
-3.7000000000000095	1.0	0.0
